0 0 0 918.012 369.721
0 0.034 0 1076.48 370.084
-0.0198 0.017 -0.00041 996.012 462.328
-0.0198 0.00275 0.009596 932.32 461.543
-0.0198 0.03125 0.009596 1062.97 461.748
0.0102 0.017 0.009596 997.324 324.724
0.0222 0.017 -0.00041 995.637 263.742
0.0222 0.005 0.009596 943.125 268.389
0.0222 0.029 0.009596 1053.97 267.621
0 -0.00615 0 887.625 369.721
0.00615 0 0 918.012 338.637
0 0.00615 0 948.398 369.721
-0.00615 0 0 918.012 400.805
0 -0.0123 0 862.172 369.709
0.0123 0 0 917.789 312.855
0 0.0123 0 973.406 369.709
-0.0123 0 0 917.789 426.562
0 0.02785 0 1045.49 370.084
0.00615 0.034 0 1076.48 338.637
0 0.04015 0 1107.47 370.084
-0.00615 0.034 0 1076.48 401.531
0 0.0217 0 1019.55 369.656
0.0123 0.034 0 1075.39 312.516
0 0.0463 0 1131.23 369.656
-0.0123 0.034 0 1075.39 426.797
-0.0198 0.00975 -0.00041 963.516 462.328
-0.01255 0.017 -0.00041 996.012 429.797
-0.0198 0.02425 -0.00041 1028.51 462.328
-0.02705 0.017 -0.00041 996.012 494.859
-0.0198 -0.00175 0.009596 911.484 461.543
-0.0153 0.00275 0.009596 932.32 441.82
-0.0198 0.00725 0.009596 953.156 461.543
-0.0243 0.00275 0.009596 932.32 481.266
-0.0198 0.02675 0.009596 1042.97 461.748
-0.0153 0.03125 0.009596 1062.97 442.605
-0.0198 0.03575 0.009596 1082.98 461.748
-0.0243 0.03125 0.009596 1062.97 480.891
0.0102 0.0125 0.009596 976.781 324.724
0.0147 0.017 0.009596 997.324 304.781
0.0102 0.0215 0.009596 1017.87 324.724
0.0057 0.017 0.009596 997.324 344.666
0.0222 0.0125 -0.00041 973.84 263.742
0.0267 0.017 -0.00041 995.637 242.895
0.0222 0.0215 -0.00041 1017.43 263.742
0.0177 0.017 -0.00041 995.637 284.59
0.0222 0.0005 0.009596 922.523 268.389
0.0267 0.005 0.009596 943.125 248.074
0.0222 0.0095 0.009596 963.727 268.389
0.0177 0.005 0.009596 943.125 288.703
0.0222 0.0245 0.009596 1032.52 267.621
0.0267 0.029 0.009596 1053.97 247.254
0.0222 0.0335 0.009596 1075.43 267.621
0.0177 0.029 0.009596 1053.97 287.988